sizes: [784, 16, 16, 10]ENDSIZE
biases: [array([[-2.74107306],
       [-0.58186707],
       [-6.09223869],
       [ 5.73654398],
       [-3.10396372],
       [-0.32219434],
       [ 0.10564964],
       [-2.93960362],
       [-2.47446602],
       [-6.21593449],
       [-7.80346761],
       [ 4.73935354],
       [-0.76197828],
       [-1.80280783],
       [-5.43557671],
       [-1.98611216]]), array([[ 0.21028491],
       [-0.51589349],
       [ 5.89066087],
       [-3.49140673],
       [-2.95900587],
       [-3.06038664],
       [-0.12853774],
       [ 3.55779713],
       [ 2.63954232],
       [-5.62127577],
       [ 1.28401407],
       [ 0.03089848],
       [-2.83081556],
       [ 0.6474827 ],
       [ 3.53917203],
       [ 1.38901659]]), array([[-6.47213703],
       [-1.78753711],
       [-2.55764328],
       [-2.69864682],
       [-4.99570947],
       [-4.68979599],
       [-4.01641821],
       [-3.06413591],
       [-0.94924404],
       [-3.72908567]])]ENDBIAS
weights: [array([[ 1.89204153,  0.48413914, -0.729219  , ...,  0.18692075,
         0.31759102, -1.55257058],
       [-0.4303027 ,  0.21558715, -1.58563179, ..., -1.20196869,
         0.603602  , -0.03274073],
       [-0.30094431,  0.88242043, -0.28320741, ..., -1.66909965,
        -0.77949884,  0.36060874],
       ...,
       [ 0.85199953,  0.63121118,  0.99812624, ..., -0.74942159,
         0.89237039,  1.63406939],
       [ 0.84235092,  2.37961327,  1.03888701, ..., -0.29321558,
        -0.18622822, -0.44349251],
       [-0.18030561,  0.10422366,  1.13318921, ...,  1.95565695,
         0.89945994, -1.656084  ]]), array([[ 0.61806948, -1.22498007,  0.53110066,  0.4059421 , -0.43384439,
         2.30539328,  0.87929235,  1.52096253,  2.09978564,  2.47655458,
        -0.25175959,  1.03011303,  0.86377675,  1.14333887,  0.32964095,
         0.5563394 ],
       [ 4.34899178,  0.40928296,  1.76076867, -3.54121118, -0.92551552,
        -2.86604075, -0.53728976,  4.15273297, -1.88364344,  4.03474404,
        -1.41188241,  6.127344  , -4.16391155, -4.77203808,  0.07643213,
         0.0917673 ],
       [ 5.06275468, -0.30798565,  0.86707395,  0.43590465, -2.91296187,
         1.7474296 , -1.11195925,  7.06314008,  1.83275917, -1.1514007 ,
         0.15290146, -5.08916167,  1.30962757, -1.38359892, -2.60799168,
         4.31677226],
       [ 2.51917817, -1.56546471,  3.62337913,  3.90759977,  0.03915275,
        -0.03288645, -2.24554292,  5.23186959,  1.41593304, -3.00037007,
         6.63496862,  2.11870571,  0.91556687, -0.16263625, -4.20369447,
         0.43061046],
       [-2.55653614, -0.86753423,  0.28411778,  1.628949  ,  1.85040645,
        -4.38917697,  6.45431763, -1.13443135, -1.07596289, -3.68393358,
        -3.52041795, -0.71550352,  1.68328947, -1.97252648, -1.57961896,
        -2.16941368],
       [-3.28121821,  2.81124514,  4.75112746, -4.33028475, -1.67186495,
         2.75371482,  3.72569413, -4.6993079 ,  7.09310462, -6.96152989,
         0.15507949,  4.17166426, -0.5008242 ,  4.31664305, -0.27754706,
         0.87002304],
       [-1.58623631, -3.39163165,  0.55563753, -0.66051221, -1.04182312,
        -0.99229777,  2.84836365,  0.40288584, -3.42428467, -1.36868089,
         0.22732252, -0.49634409, -1.93943047, -1.47472539,  0.88684928,
         0.05750156],
       [ 3.54304207, -2.683883  ,  0.6165848 ,  0.57289223, -5.59076635,
        -2.12025984,  1.11248593,  1.35502072,  2.94405631, -3.3126305 ,
        -8.05861664,  5.1606334 , -2.3133507 ,  1.97125081, -3.53777351,
         2.85769577],
       [ 2.23577247, -1.02794986,  2.93658836, -2.75166385,  2.00272065,
        -1.71392552,  2.20974369,  0.8461468 ,  3.87780539, -1.79365917,
        -0.76143259, -6.29314949,  2.1217854 , -1.61060224, -1.24146553,
         8.84498306],
       [-6.20155773,  1.5580059 ,  1.18349865,  0.48141062, -0.46229028,
        -0.34646477,  4.38445351, -0.30566739, -4.98210199,  0.33650943,
        -0.26500413, -2.51879347,  4.65438673, -1.95406682,  1.64301071,
        -1.49084997],
       [-3.99253848, -1.07216742,  1.38724174,  1.59212528,  0.3153382 ,
        -3.94751452, -1.7487391 , -0.39388384, -6.49507014,  3.22857882,
         0.33363246,  3.04765872,  3.79407456, -4.31333539, -4.48804944,
        -4.66822635],
       [ 0.44514558, -7.01508592,  2.66390222, -1.53245156,  0.12282593,
        -0.33415471, -3.04227268,  2.76450346, -5.54422926, -4.18307541,
        -1.62708001, -0.25046156, -1.30505134, -0.99169558,  0.39502934,
        -2.34301817],
       [-5.12081798,  1.90737735, -1.84325105,  7.08866938, -4.43384274,
         4.72002569, -2.02638754, -2.8177157 , -3.67269871, -2.90038167,
         2.13505024, -1.24033276,  0.07427959, -0.82178733, -0.01353278,
        -6.09541861],
       [ 2.41615887, -2.50386197,  3.30576668,  1.32213551,  1.94593572,
         1.60487737, -3.7307863 ,  1.18568557, -7.40980509,  0.70646935,
        -0.04312386, -6.75622157, -1.38154772, -0.60259195,  3.43940806,
        -0.02301431],
       [-2.04209837, -0.42709776, -2.73510408,  4.24578224, -3.63503367,
        -7.66334475,  2.61900502,  0.39734919,  0.43906999, -3.90602257,
        -0.05785822, -1.13094769, -2.13077814,  0.64218454,  5.96801511,
        -1.61557801],
       [-3.41549846, -0.87575186, -7.04649162, -1.4511706 ,  5.05100981,
        -4.66570461, -2.34892475, -0.01920471,  0.3591522 ,  2.45242746,
         0.94240429, -4.84135305,  1.81037458,  4.1372364 ,  0.35640153,
        -0.78861105]]), array([[-6.44718854, -1.30498448,  0.22753741,  2.02412981,  3.15615475,
         2.48821227, -0.21544624,  0.6082041 ,  3.06203509,  5.7465643 ,
         3.14110714, -2.09356168, -5.04034884, -3.26331283, -2.21821349,
        -2.49004574],
       [-2.08169398, -6.20475192,  0.96230311, -1.21655314, -3.0465587 ,
        -3.40311859,  1.18048342, -4.21933608,  3.93687091, -2.5675456 ,
        -2.44576477, -0.56348704, -3.71858996,  5.37990629, -1.50098094,
         4.45307436],
       [-2.24344691,  4.03634092, -0.52561103, -2.21376608,  0.27179079,
        -4.82458319,  3.7045204 , -1.08377033, -3.02884079,  0.69667594,
         3.36888402, -1.76368113, -3.01161545, -3.84389908,  2.3716935 ,
         2.97311028],
       [-1.67389927,  3.86352485,  1.36034766,  1.1248937 , -1.60665383,
        -4.86301899,  1.55242795,  0.09298741, -1.29425261, -1.35903588,
        -0.26063821,  5.59400934, -1.43312194,  2.68231723, -2.51502997,
        -6.31900054],
       [-5.03441237,  0.21365794, -0.84338507, -4.01289146,  0.28014761,
         3.1548411 ,  0.6433124 ,  4.22986977, -3.91824114,  0.67413241,
        -0.20457977,  0.26922461,  4.25398261,  0.88289467,  2.14909504,
        -5.46004286],
       [-1.8228476 ,  1.66014376,  4.4702094 ,  1.05014897, -4.89631531,
         2.73740958,  0.73674831,  1.70678832,  2.331139  , -3.98023021,
        -2.79557852, -5.44782862, -5.00969655, -4.50204773, -0.71554081,
        -2.49806584],
       [-4.08583864, -2.31217841, -5.77444174,  0.94484705,  3.63264299,
         2.19366743, -2.81697402,  3.95424239,  1.99195186, -4.90569458,
        -2.71036317, -0.04558488, -6.08929671, -1.07156944,  2.22604585,
         3.30417859],
       [ 0.27475088, -4.30329468,  0.29135454,  1.9441447 , -5.06364707,
        -2.84777991, -0.26602847,  1.70893338, -2.95660314, -0.78319271,
         2.96480314, -0.7546788 ,  4.90887508, -2.91941942, -5.90498856,
        -1.34978465],
       [ 0.14503775,  1.03543063, -5.06599939, -2.33958107, -2.87051916,
         5.52335103,  0.4388692 , -2.64760534, -3.45928772,  1.63201273,
        -2.73712396, -2.25458586, -3.91504327, -0.17398479, -3.58163841,
        -1.51417876],
       [-4.44288578, -0.98594229,  0.65645518,  3.27694874,  1.7374453 ,
         1.62789207, -1.96725709, -5.28635168, -1.91038542,  0.27277068,
        -2.84457081, -1.43676944,  1.69652293,  2.44872304,  5.31354135,
        -3.42516896]])]ENDWEIGHTS
